100
0: 1, 83, 12, 24, 86, 4, 5, 28, 71, 84, 89.
1: 0, 35, 2, 41, 27, 83, 43, 54, 82, 99.
2: 1, 4, 89, 5, 29, 17, 35, 60, 34, 84.
3: 70, 79, 75, 62, 93.
4: 0, 2, 43, 49, 39, 79, 67, 61, 14, 22.
5: 2, 39, 8, 22, 42, 0, 28, 38, 7, 13, 21, 29, 89.
6: 30, 36.
7: 5, 23, 78, 45, 71, 21, 49, 61, 66, 73.
8: 5, 36, 80, 91, 85, 51, 52, 56, 82, 88.
9: 23, 93, 42, 88, 10.
10: 9, 89, 55, 78, 41, 31, 37, 54, 77, 90.
11: 26, 71, 96, 94, 83, 68, 82, 89.
12: 0, 55, 24, 20, 22, 30, 38, 49, 75.
13: 69, 28, 91, 62, 5, 45, 19, 24, 39, 67.
14: 83, 44, 4, 29, 62, 68, 77, 87.
15: 78, 55, 21, 38, 93.
16: 29, 21, 22, 36, 67.
17: 2, 53, 91, 34, 49, 96.
18: 22, 25, 91, 76, 46.
19: 77, 13, 49, 51, 21, 34, 70.
20: 76, 40, 68, 12, 34, 48, 87.
21: 16, 37, 84, 19, 7, 77, 15, 5, 42, 44.
22: 5, 18, 91, 4, 79, 12, 16, 63, 49, 37, 68, 69, 71, 75.
23: 7, 9, 53, 69, 58, 81, 28, 85.
24: 0, 12, 42, 13, 46, 44, 51, 53, 37, 62.
25: 18, 70, 47, 56, 73.
26: 11, 48, 58, 78, 85, 67, 27, 31, 38, 50, 55, 93.
27: 1, 26, 95, 78, 31.
28: 5, 13, 23, 85, 0, 36, 40, 49, 69.
29: 2, 16, 14, 46, 5, 58, 63, 69, 84.
30: 6, 91, 39, 94, 12, 46.
31: 27, 10, 26, 89, 51, 86, 32, 36, 46.
32: 31, 48, 52, 97.
33: 80, 68.
34: 17, 96, 53, 20, 19, 62, 2, 74, 54, 61, 93.
35: 1, 2, 60, 85, 76, 53, 77, 90.
36: 8, 28, 16, 76, 6, 66, 31, 40, 46, 63, 77, 78, 87, 88.
37: 21, 22, 44, 24, 58, 10, 63, 72.
38: 5, 15, 26, 60, 12, 76, 40, 66, 90.
39: 4, 5, 30, 13, 83, 44, 58, 63, 69.
40: 20, 38, 93, 66, 46, 98, 28, 36, 55.
41: 1, 10, 72, 90, 98, 89.
42: 5, 9, 24, 21, 63, 97, 98, 81.
43: 1, 4, 45, 44, 97, 48, 63.
44: 14, 24, 37, 39, 43, 63, 48, 77, 21, 72, 84, 49, 57, 94, 95.
45: 7, 13, 43, 91, 61, 93, 85, 80.
46: 18, 24, 29, 40, 31, 84, 36, 30, 78, 96.
47: 25, 72, 53, 75, 78.
48: 26, 32, 44, 43, 76, 89, 75, 20, 84.
49: 4, 19, 22, 44, 7, 17, 28, 12, 75, 92.
50: 97, 26, 84, 81, 52, 59, 86.
51: 8, 19, 24, 31, 77.
52: 8, 50, 32, 63, 69, 87, 98.
53: 17, 23, 24, 34, 47, 93, 35, 79, 87, 85, 65, 70, 82, 98.
54: 74, 60, 10, 79, 1, 34, 81, 63, 65, 83.
55: 10, 12, 15, 64, 26, 96, 40, 62, 85.
56: 8, 25, 62, 67.
57: 94, 44, 70, 71, 86.
58: 23, 26, 29, 37, 39, 66, 85, 91.
59: 50, 61, 65, 89, 96, 99.
60: 2, 35, 38, 54, 70, 75.
61: 4, 45, 67, 7, 34, 59, 66, 94.
62: 13, 34, 3, 90, 85, 55, 24, 56, 14.
63: 22, 42, 44, 39, 43, 37, 36, 29, 54, 52, 91, 96.
64: 55, 69, 71, 86.
65: 76, 53, 59, 54, 67, 86.
66: 36, 40, 58, 7, 38, 61.
67: 4, 26, 61, 65, 13, 56, 16.
68: 11, 20, 72, 22, 14, 33.
69: 13, 23, 64, 28, 22, 39, 97, 29, 52, 80, 98.
70: 3, 25, 57, 60, 53, 19, 98.
71: 7, 11, 64, 22, 89, 57, 0, 74.
72: 41, 44, 47, 68, 37.
73: 25, 7, 77, 79, 98.
74: 34, 54, 71, 76, 97.
75: 3, 48, 60, 47, 49, 99, 22, 96, 12.
76: 18, 20, 35, 36, 38, 48, 65, 74, 91, 94.
77: 19, 21, 44, 51, 10, 35, 36, 14, 73, 82.
78: 7, 10, 15, 26, 27, 89, 47, 90, 36, 46, 91.
79: 3, 4, 22, 53, 54, 73.
80: 8, 33, 69, 45.
81: 23, 50, 54, 42.
82: 1, 53, 11, 77, 8, 96.
83: 0, 1, 11, 14, 39, 54.
84: 21, 44, 46, 50, 86, 95, 29, 48, 2, 0.
85: 8, 26, 28, 35, 45, 53, 62, 23, 55, 58.
86: 0, 31, 84, 65, 50, 57, 64.
87: 53, 52, 36, 20, 14.
88: 9, 8, 36.
89: 2, 10, 31, 48, 71, 78, 11, 59, 0, 5, 41, 96.
90: 41, 62, 78, 38, 35, 10, 97.
91: 8, 13, 17, 18, 22, 30, 45, 63, 78, 76, 58, 99.
92: 49.
93: 9, 40, 45, 53, 34, 15, 3, 26.
94: 11, 30, 57, 61, 76, 44.
95: 27, 84, 44.
96: 11, 34, 55, 75, 89, 63, 59, 17, 82, 46.
97: 42, 43, 50, 69, 90, 74, 32.
98: 40, 41, 42, 69, 53, 70, 73, 52.
99: 75, 1, 59, 91.
